epoch:0 0.0007  0.0040  0.0000  -1.0000  0.0000  0.0008  0.0000  0.0250  0.0792  -1.0000  0.0000  0.0825  1.8432  0.008000
epoch:1 0.0323  0.1036  0.0091  -1.0000  0.0000  0.0328  0.0625  0.2350  0.2425  -1.0000  0.0000  0.2500  0.8792  0.008000
